# Camera calibration for DD2419 fish eye cameras.
# You should probably look into replacing this!

image_width: 640
image_height: 480
camera_name: camera
camera_matrix:
  rows: 3
  cols: 3
  data: [507.0747801 ,   0.        , 327.84139084,   0.        ,484.69197964, 228.16047466,   0.        ,   0.        ,  1.        ]
  # data: [110.24474892,   0.        , 326.39436438,   0.        ,110.26920716, 259.58338016,   0.        ,   0.        ,1.        ]
  # data: [222.07316193,0.0, 330.79502811,0.0,220.78075211, 235.51432796,0.0,0.0,1.0]
  # data: [231.250001, 0.000000, 320.519378, 0.000000, 231.065552, 240.631482, 0.000000, 0.000000, 1.000000]
distortion_model: plumb_bob
distortion_coefficients:
  rows: 1
  cols: 5
  data: [ 1.38260365, -5.71753383,  0.00683164,  0.02349088,  6.3813365 ]
  # data: [ 0.07901544, -0.01349339,  0.01021721,  0.00535787,  0.00067407]
  # data: [ 0.16106106, -0.17391781,  0.00022582,  0.00199855,  0.03913156]
  # data: [0.061687, -0.049761, -0.008166, 0.004284, 0.000000]
rectification_matrix:
  rows: 3
  cols: 3
  data: [1.000000, 0.000000, 0.000000, 0.000000, 1.000000, 0.000000, 0.000000, 0.000000, 1.000000]
projection_matrix:
  rows: 3
  cols: 4
  data: [231.25, 0.000000, 322.360322, 0.000000, 0.000000, 231.06, 240.631, 0.000000, 0.000000, 0.000000, 1.000000, 0.000000]
